x = [ 1.000000, 1.151941, 1.300342, 1.445608, 1.588142, 1.728350, 1.866636, 2.003405, 2.139062, 2.274010, 2.408655, 2.543401, 2.678653, 2.814815, 2.952292, 3.091488, 3.232809, 3.376658, 3.523441, 3.673562, 3.827425, 3.985435, 4.147996, 4.315514, 4.488393, 4.667038, 4.851852, 5.043241, 5.241609, 5.447361, 5.660901, 5.882635, 6.112965, 6.352299, 6.601038, 6.859590, 7.128357, 7.407745, 7.698157, 8.000000 ]
y = [ 1.000000, 1.144153, 1.269593, 1.377333, 1.468383, 1.543755, 1.604461, 1.651511, 1.685919, 1.708694, 1.720848, 1.723394, 1.717342, 1.703704, 1.683491, 1.657715, 1.627388, 1.593520, 1.557123, 1.519210, 1.480790, 1.442877, 1.406480, 1.372612, 1.342285, 1.316509, 1.296296, 1.282658, 1.276606, 1.279152, 1.291306, 1.314081, 1.348489, 1.395539, 1.456245, 1.531617, 1.622667, 1.730407, 1.855847, 2.000000 ]
